% --- function that sets the coarse white light/response curve
function lightR = initLightResponseCurve()

% light response curve values
lightR = [0,0;5,1;10,3;12,5;15,9;16,13;18,16;20,20;22,23;...
          24,26;25,27;26,29;28,32;30,34;32,36;36,36;39,37;...
          42,37;50,38;60,38;70,39;75,39;77,40;80,41;85,42;...
          90,43;95,45;100,46];